2021/03/16-23:12:44.977747 204ecde00 RocksDB version: 6.11.4
2021/03/16-23:12:44.977776 204ecde00 Git sha rocksdb_build_git_sha:@48bfca38f6f175435052a59791922a1a453d9609@
2021/03/16-23:12:44.977777 204ecde00 Compile date Mar  9 2021
2021/03/16-23:12:44.977779 204ecde00 DB SUMMARY
2021/03/16-23:12:44.977817 204ecde00 CURRENT file:  CURRENT
2021/03/16-23:12:44.977819 204ecde00 IDENTITY file:  IDENTITY
2021/03/16-23:12:44.977957 204ecde00 MANIFEST file:  MANIFEST-000001 size: 13 Bytes
2021/03/16-23:12:44.977960 204ecde00 SST files in ev/chains/local_testnet/db dir, Total Num: 0, files: 
2021/03/16-23:12:44.977962 204ecde00 Write Ahead Log file in ev/chains/local_testnet/db: 000003.log size: 0 ; 
2021/03/16-23:12:44.977964 204ecde00                         Options.error_if_exists: 0
2021/03/16-23:12:44.977965 204ecde00                       Options.create_if_missing: 1
2021/03/16-23:12:44.977966 204ecde00                         Options.paranoid_checks: 1
2021/03/16-23:12:44.977968 204ecde00                                     Options.env: 0x1041dc998
2021/03/16-23:12:44.977969 204ecde00                                      Options.fs: Posix File System
2021/03/16-23:12:44.977970 204ecde00                                Options.info_log: 0x7fef3a722e60
2021/03/16-23:12:44.977972 204ecde00                Options.max_file_opening_threads: 16
2021/03/16-23:12:44.977973 204ecde00                              Options.statistics: 0x0
2021/03/16-23:12:44.977974 204ecde00                               Options.use_fsync: 0
2021/03/16-23:12:44.977975 204ecde00                       Options.max_log_file_size: 0
2021/03/16-23:12:44.977977 204ecde00                  Options.max_manifest_file_size: 1073741824
2021/03/16-23:12:44.977978 204ecde00                   Options.log_file_time_to_roll: 0
2021/03/16-23:12:44.977979 204ecde00                       Options.keep_log_file_num: 1
2021/03/16-23:12:44.977981 204ecde00                    Options.recycle_log_file_num: 0
2021/03/16-23:12:44.977982 204ecde00                         Options.allow_fallocate: 1
2021/03/16-23:12:44.977983 204ecde00                        Options.allow_mmap_reads: 0
2021/03/16-23:12:44.977984 204ecde00                       Options.allow_mmap_writes: 0
2021/03/16-23:12:44.977985 204ecde00                        Options.use_direct_reads: 0
2021/03/16-23:12:44.977987 204ecde00                        Options.use_direct_io_for_flush_and_compaction: 0
2021/03/16-23:12:44.977988 204ecde00          Options.create_missing_column_families: 0
2021/03/16-23:12:44.977989 204ecde00                              Options.db_log_dir: 
2021/03/16-23:12:44.977990 204ecde00                                 Options.wal_dir: ev/chains/local_testnet/db
2021/03/16-23:12:44.977991 204ecde00                Options.table_cache_numshardbits: 6
2021/03/16-23:12:44.977993 204ecde00                      Options.max_subcompactions: 1
2021/03/16-23:12:44.977994 204ecde00                         Options.WAL_ttl_seconds: 0
2021/03/16-23:12:44.977995 204ecde00                       Options.WAL_size_limit_MB: 0
2021/03/16-23:12:44.977996 204ecde00                        Options.max_write_batch_group_size_bytes: 1048576
2021/03/16-23:12:44.977998 204ecde00             Options.manifest_preallocation_size: 4194304
2021/03/16-23:12:44.977999 204ecde00                     Options.is_fd_close_on_exec: 1
2021/03/16-23:12:44.978000 204ecde00                   Options.advise_random_on_open: 1
2021/03/16-23:12:44.978001 204ecde00                    Options.db_write_buffer_size: 0
2021/03/16-23:12:44.978003 204ecde00                    Options.write_buffer_manager: 0x7fef3a722d80
2021/03/16-23:12:44.978004 204ecde00         Options.access_hint_on_compaction_start: 1
2021/03/16-23:12:44.978005 204ecde00  Options.new_table_reader_for_compaction_inputs: 0
2021/03/16-23:12:44.978006 204ecde00           Options.random_access_max_buffer_size: 1048576
2021/03/16-23:12:44.978008 204ecde00                      Options.use_adaptive_mutex: 0
2021/03/16-23:12:44.978009 204ecde00                            Options.rate_limiter: 0x0
2021/03/16-23:12:44.978010 204ecde00     Options.sst_file_manager.rate_bytes_per_sec: 0
2021/03/16-23:12:44.978034 204ecde00                       Options.wal_recovery_mode: 2
2021/03/16-23:12:44.978035 204ecde00                  Options.enable_thread_tracking: 0
2021/03/16-23:12:44.978037 204ecde00                  Options.enable_pipelined_write: 0
2021/03/16-23:12:44.978038 204ecde00                  Options.unordered_write: 0
2021/03/16-23:12:44.978039 204ecde00         Options.allow_concurrent_memtable_write: 1
2021/03/16-23:12:44.978040 204ecde00      Options.enable_write_thread_adaptive_yield: 1
2021/03/16-23:12:44.978041 204ecde00             Options.write_thread_max_yield_usec: 100
2021/03/16-23:12:44.978043 204ecde00            Options.write_thread_slow_yield_usec: 3
2021/03/16-23:12:44.978044 204ecde00                               Options.row_cache: None
2021/03/16-23:12:44.978045 204ecde00                              Options.wal_filter: None
2021/03/16-23:12:44.978047 204ecde00             Options.avoid_flush_during_recovery: 0
2021/03/16-23:12:44.978048 204ecde00             Options.allow_ingest_behind: 0
2021/03/16-23:12:44.978049 204ecde00             Options.preserve_deletes: 0
2021/03/16-23:12:44.978050 204ecde00             Options.two_write_queues: 0
2021/03/16-23:12:44.978051 204ecde00             Options.manual_wal_flush: 0
2021/03/16-23:12:44.978053 204ecde00             Options.atomic_flush: 0
2021/03/16-23:12:44.978054 204ecde00             Options.avoid_unnecessary_blocking_io: 0
2021/03/16-23:12:44.978055 204ecde00                 Options.persist_stats_to_disk: 0
2021/03/16-23:12:44.978056 204ecde00                 Options.write_dbid_to_manifest: 0
2021/03/16-23:12:44.978058 204ecde00                 Options.log_readahead_size: 0
2021/03/16-23:12:44.978059 204ecde00                 Options.file_checksum_gen_factory: Unknown
2021/03/16-23:12:44.978060 204ecde00                 Options.best_efforts_recovery: 0
2021/03/16-23:12:44.978062 204ecde00             Options.max_background_jobs: 4
2021/03/16-23:12:44.978063 204ecde00             Options.max_background_compactions: -1
2021/03/16-23:12:44.978064 204ecde00             Options.avoid_flush_during_shutdown: 0
2021/03/16-23:12:44.978065 204ecde00           Options.writable_file_max_buffer_size: 1048576
2021/03/16-23:12:44.978067 204ecde00             Options.delayed_write_rate : 16777216
2021/03/16-23:12:44.978068 204ecde00             Options.max_total_wal_size: 0
2021/03/16-23:12:44.978069 204ecde00             Options.delete_obsolete_files_period_micros: 21600000000
2021/03/16-23:12:44.978071 204ecde00                   Options.stats_dump_period_sec: 600
2021/03/16-23:12:44.978072 204ecde00                 Options.stats_persist_period_sec: 600
2021/03/16-23:12:44.978073 204ecde00                 Options.stats_history_buffer_size: 1048576
2021/03/16-23:12:44.978074 204ecde00                          Options.max_open_files: 512
2021/03/16-23:12:44.978076 204ecde00                          Options.bytes_per_sync: 1048576
2021/03/16-23:12:44.978077 204ecde00                      Options.wal_bytes_per_sync: 0
2021/03/16-23:12:44.978078 204ecde00                   Options.strict_bytes_per_sync: 0
2021/03/16-23:12:44.978079 204ecde00       Options.compaction_readahead_size: 0
2021/03/16-23:12:44.978081 204ecde00                  Options.max_background_flushes: -1
2021/03/16-23:12:44.978082 204ecde00 Compression algorithms supported:
2021/03/16-23:12:44.978083 204ecde00 	kZSTD supported: 0
2021/03/16-23:12:44.978085 204ecde00 	kZlibCompression supported: 0
2021/03/16-23:12:44.978086 204ecde00 	kXpressCompression supported: 0
2021/03/16-23:12:44.978087 204ecde00 	kSnappyCompression supported: 1
2021/03/16-23:12:44.978089 204ecde00 	kZSTDNotFinalCompression supported: 0
2021/03/16-23:12:44.978090 204ecde00 	kLZ4HCCompression supported: 0
2021/03/16-23:12:44.978091 204ecde00 	kLZ4Compression supported: 0
2021/03/16-23:12:44.978092 204ecde00 	kBZip2Compression supported: 0
2021/03/16-23:12:44.978094 204ecde00 Fast CRC32 supported: Supported on x86
2021/03/16-23:12:44.978169 204ecde00 [db/version_set.cc:4555] Recovering from manifest file: ev/chains/local_testnet/db/MANIFEST-000001
2021/03/16-23:12:44.978221 204ecde00 [db/column_family.cc:579] --------------- Options for column family [default]:
2021/03/16-23:12:44.978223 204ecde00               Options.comparator: leveldb.BytewiseComparator
2021/03/16-23:12:44.978224 204ecde00           Options.merge_operator: None
2021/03/16-23:12:44.978226 204ecde00        Options.compaction_filter: None
2021/03/16-23:12:44.978227 204ecde00        Options.compaction_filter_factory: None
2021/03/16-23:12:44.978228 204ecde00         Options.memtable_factory: SkipListFactory
2021/03/16-23:12:44.978230 204ecde00            Options.table_factory: BlockBasedTable
2021/03/16-23:12:44.978251 204ecde00            table_factory options:   flush_block_policy_factory: FlushBlockBySizePolicyFactory (0x7fef3a507630)
  cache_index_and_filter_blocks: 0
  cache_index_and_filter_blocks_with_high_priority: 1
  pin_l0_filter_and_index_blocks_in_cache: 0
  pin_top_level_index_and_filter: 1
  index_type: 0
  data_block_index_type: 0
  index_shortening: 1
  data_block_hash_table_util_ratio: 0.750000
  hash_index_allow_collision: 1
  checksum: 1
  no_block_cache: 0
  block_cache: 0x7fef3a506bf8
  block_cache_name: LRUCache
  block_cache_options:
    capacity : 8388608
    num_shard_bits : 4
    strict_capacity_limit : 0
    memory_allocator : None
    high_pri_pool_ratio: 0.000
  block_cache_compressed: 0x0
  persistent_cache: 0x0
  block_size: 4096
  block_size_deviation: 10
  block_restart_interval: 16
  index_block_restart_interval: 1
  metadata_block_size: 4096
  partition_filters: 0
  use_delta_encoding: 1
  filter_policy: nullptr
  whole_key_filtering: 1
  verify_compression: 0
  read_amp_bytes_per_bit: 0
  format_version: 4
  enable_index_compression: 1
  block_align: 0
2021/03/16-23:12:44.978256 204ecde00        Options.write_buffer_size: 67108864
2021/03/16-23:12:44.978257 204ecde00  Options.max_write_buffer_number: 2
2021/03/16-23:12:44.978259 204ecde00          Options.compression: Snappy
2021/03/16-23:12:44.978260 204ecde00                  Options.bottommost_compression: Disabled
2021/03/16-23:12:44.978261 204ecde00       Options.prefix_extractor: nullptr
2021/03/16-23:12:44.978263 204ecde00   Options.memtable_insert_with_hint_prefix_extractor: nullptr
2021/03/16-23:12:44.978264 204ecde00             Options.num_levels: 7
2021/03/16-23:12:44.978265 204ecde00        Options.min_write_buffer_number_to_merge: 1
2021/03/16-23:12:44.978267 204ecde00     Options.max_write_buffer_number_to_maintain: 0
2021/03/16-23:12:44.978268 204ecde00     Options.max_write_buffer_size_to_maintain: 0
2021/03/16-23:12:44.978269 204ecde00            Options.bottommost_compression_opts.window_bits: -14
2021/03/16-23:12:44.978270 204ecde00                  Options.bottommost_compression_opts.level: 32767
2021/03/16-23:12:44.978272 204ecde00               Options.bottommost_compression_opts.strategy: 0
2021/03/16-23:12:44.978273 204ecde00         Options.bottommost_compression_opts.max_dict_bytes: 0
2021/03/16-23:12:44.978274 204ecde00         Options.bottommost_compression_opts.zstd_max_train_bytes: 0
2021/03/16-23:12:44.978275 204ecde00         Options.bottommost_compression_opts.parallel_threads: 1
2021/03/16-23:12:44.978277 204ecde00                  Options.bottommost_compression_opts.enabled: false
2021/03/16-23:12:44.978278 204ecde00            Options.compression_opts.window_bits: -14
2021/03/16-23:12:44.978279 204ecde00                  Options.compression_opts.level: 32767
2021/03/16-23:12:44.978281 204ecde00               Options.compression_opts.strategy: 0
2021/03/16-23:12:44.978282 204ecde00         Options.compression_opts.max_dict_bytes: 0
2021/03/16-23:12:44.978283 204ecde00         Options.compression_opts.zstd_max_train_bytes: 0
2021/03/16-23:12:44.978284 204ecde00         Options.compression_opts.parallel_threads: 1
2021/03/16-23:12:44.978286 204ecde00                  Options.compression_opts.enabled: false
2021/03/16-23:12:44.978287 204ecde00      Options.level0_file_num_compaction_trigger: 4
2021/03/16-23:12:44.978288 204ecde00          Options.level0_slowdown_writes_trigger: 20
2021/03/16-23:12:44.978301 204ecde00              Options.level0_stop_writes_trigger: 36
2021/03/16-23:12:44.978302 204ecde00                   Options.target_file_size_base: 67108864
2021/03/16-23:12:44.978303 204ecde00             Options.target_file_size_multiplier: 1
2021/03/16-23:12:44.978305 204ecde00                Options.max_bytes_for_level_base: 268435456
2021/03/16-23:12:44.978306 204ecde00 Options.level_compaction_dynamic_level_bytes: 0
2021/03/16-23:12:44.978307 204ecde00          Options.max_bytes_for_level_multiplier: 10.000000
2021/03/16-23:12:44.978309 204ecde00 Options.max_bytes_for_level_multiplier_addtl[0]: 1
2021/03/16-23:12:44.978311 204ecde00 Options.max_bytes_for_level_multiplier_addtl[1]: 1
2021/03/16-23:12:44.978312 204ecde00 Options.max_bytes_for_level_multiplier_addtl[2]: 1
2021/03/16-23:12:44.978313 204ecde00 Options.max_bytes_for_level_multiplier_addtl[3]: 1
2021/03/16-23:12:44.978314 204ecde00 Options.max_bytes_for_level_multiplier_addtl[4]: 1
2021/03/16-23:12:44.978316 204ecde00 Options.max_bytes_for_level_multiplier_addtl[5]: 1
2021/03/16-23:12:44.978317 204ecde00 Options.max_bytes_for_level_multiplier_addtl[6]: 1
2021/03/16-23:12:44.978318 204ecde00       Options.max_sequential_skip_in_iterations: 8
2021/03/16-23:12:44.978319 204ecde00                    Options.max_compaction_bytes: 1677721600
2021/03/16-23:12:44.978321 204ecde00                        Options.arena_block_size: 8388608
2021/03/16-23:12:44.978322 204ecde00   Options.soft_pending_compaction_bytes_limit: 68719476736
2021/03/16-23:12:44.978323 204ecde00   Options.hard_pending_compaction_bytes_limit: 274877906944
2021/03/16-23:12:44.978325 204ecde00       Options.rate_limit_delay_max_milliseconds: 100
2021/03/16-23:12:44.978326 204ecde00                Options.disable_auto_compactions: 0
2021/03/16-23:12:44.978327 204ecde00                        Options.compaction_style: kCompactionStyleLevel
2021/03/16-23:12:44.978329 204ecde00                          Options.compaction_pri: kMinOverlappingRatio
2021/03/16-23:12:44.978330 204ecde00 Options.compaction_options_universal.size_ratio: 1
2021/03/16-23:12:44.978331 204ecde00 Options.compaction_options_universal.min_merge_width: 2
2021/03/16-23:12:44.978332 204ecde00 Options.compaction_options_universal.max_merge_width: 4294967295
2021/03/16-23:12:44.978334 204ecde00 Options.compaction_options_universal.max_size_amplification_percent: 200
2021/03/16-23:12:44.978335 204ecde00 Options.compaction_options_universal.compression_size_percent: -1
2021/03/16-23:12:44.978337 204ecde00 Options.compaction_options_universal.stop_style: kCompactionStopStyleTotalSize
2021/03/16-23:12:44.978338 204ecde00 Options.compaction_options_fifo.max_table_files_size: 1073741824
2021/03/16-23:12:44.978340 204ecde00 Options.compaction_options_fifo.allow_compaction: 0
2021/03/16-23:12:44.978342 204ecde00                   Options.table_properties_collectors: 
2021/03/16-23:12:44.978343 204ecde00                   Options.inplace_update_support: 0
2021/03/16-23:12:44.978344 204ecde00                 Options.inplace_update_num_locks: 10000
2021/03/16-23:12:44.978346 204ecde00               Options.memtable_prefix_bloom_size_ratio: 0.000000
2021/03/16-23:12:44.978347 204ecde00               Options.memtable_whole_key_filtering: 0
2021/03/16-23:12:44.978348 204ecde00   Options.memtable_huge_page_size: 0
2021/03/16-23:12:44.978350 204ecde00                           Options.bloom_locality: 0
2021/03/16-23:12:44.978351 204ecde00                    Options.max_successive_merges: 0
2021/03/16-23:12:44.978352 204ecde00                Options.optimize_filters_for_hits: 0
2021/03/16-23:12:44.978353 204ecde00                Options.paranoid_file_checks: 0
2021/03/16-23:12:44.978355 204ecde00                Options.force_consistency_checks: 0
2021/03/16-23:12:44.978356 204ecde00                Options.report_bg_io_stats: 1
2021/03/16-23:12:44.978357 204ecde00                               Options.ttl: 2592000
2021/03/16-23:12:44.978358 204ecde00          Options.periodic_compaction_seconds: 0
2021/03/16-23:12:44.979108 204ecde00 [db/version_set.cc:4713] Recovered from manifest file:ev/chains/local_testnet/db/MANIFEST-000001 succeeded,manifest_file_number is 1, next_file_number is 3, last_sequence is 0, log_number is 0,prev_log_number is 0,max_column_family is 0,min_log_number_to_keep is 0
2021/03/16-23:12:44.979112 204ecde00 [db/version_set.cc:4722] Column family [default] (ID 0), log number is 0
2021/03/16-23:12:44.979246 204ecde00 EVENT_LOG_v1 {"time_micros": 1615907564979228, "job": 1, "event": "recovery_started", "log_files": [3]}
2021/03/16-23:12:44.979252 204ecde00 [db/db_impl/db_impl_open.cc:797] Recovering log #3 mode 2
2021/03/16-23:12:44.979302 204ecde00 [db/version_set.cc:3945] Creating manifest 5
2021/03/16-23:12:44.979706 204ecde00 EVENT_LOG_v1 {"time_micros": 1615907564979700, "job": 1, "event": "recovery_finished"}
2021/03/16-23:12:44.980035 204ecde00 [file/delete_scheduler.cc:73] Deleted file ev/chains/local_testnet/db/000003.log immediately, rate_bytes_per_sec 0, total_trash_size 0 max_trash_db_ratio 0.250000
2021/03/16-23:12:44.980056 204ecde00 [db/db_impl/db_impl_files.cc:608] [JOB 2] Delete info log file ev/chains/local_testnet/db//LOG.old.1615907564977541
2021/03/16-23:12:44.981295 204ecde00 [db/db_impl/db_impl_open.cc:1611] SstFileManager instance 0x7fef3a722fd0
2021/03/16-23:12:44.981327 204ecde00 DB pointer 0x7fef3b633200
2021/03/16-23:12:44.981570 30c4bf000 [db/db_impl/db_impl.cc:889] ------- DUMPING STATS -------
2021/03/16-23:12:44.981602 30c4bf000 [db/db_impl/db_impl.cc:890] 
** DB Stats **
Uptime(secs): 0.0 total, 0.0 interval
Cumulative writes: 0 writes, 0 keys, 0 commit groups, 0.0 writes per commit group, ingest: 0.00 GB, 0.00 MB/s
Cumulative WAL: 0 writes, 0 syncs, 0.00 writes per sync, written: 0.00 GB, 0.00 MB/s
Cumulative stall: 00:00:0.000 H:M:S, 0.0 percent
Interval writes: 0 writes, 0 keys, 0 commit groups, 0.0 writes per commit group, ingest: 0.00 MB, 0.00 MB/s
Interval WAL: 0 writes, 0 syncs, 0.00 writes per sync, written: 0.00 MB, 0.00 MB/s
Interval stall: 00:00:0.000 H:M:S, 0.0 percent

** Compaction Stats [default] **
Level    Files   Size     Score Read(GB)  Rn(GB) Rnp1(GB) Write(GB) Wnew(GB) Moved(GB) W-Amp Rd(MB/s) Wr(MB/s) Comp(sec) CompMergeCPU(sec) Comp(cnt) Avg(sec) KeyIn KeyDrop
----------------------------------------------------------------------------------------------------------------------------------------------------------------------------
 Sum      0/0    0.00 KB   0.0      0.0     0.0      0.0       0.0      0.0       0.0   0.0      0.0      0.0      0.00              0.00         0    0.000       0      0
 Int      0/0    0.00 KB   0.0      0.0     0.0      0.0       0.0      0.0       0.0   0.0      0.0      0.0      0.00              0.00         0    0.000       0      0

** Compaction Stats [default] **
Priority    Files   Size     Score Read(GB)  Rn(GB) Rnp1(GB) Write(GB) Wnew(GB) Moved(GB) W-Amp Rd(MB/s) Wr(MB/s) Comp(sec) CompMergeCPU(sec) Comp(cnt) Avg(sec) KeyIn KeyDrop
-------------------------------------------------------------------------------------------------------------------------------------------------------------------------------
Uptime(secs): 0.0 total, 0.0 interval
Flush(GB): cumulative 0.000, interval 0.000
AddFile(GB): cumulative 0.000, interval 0.000
AddFile(Total Files): cumulative 0, interval 0
AddFile(L0 Files): cumulative 0, interval 0
AddFile(Keys): cumulative 0, interval 0
Cumulative compaction: 0.00 GB write, 0.00 MB/s write, 0.00 GB read, 0.00 MB/s read, 0.0 seconds
Interval compaction: 0.00 GB write, 0.00 MB/s write, 0.00 GB read, 0.00 MB/s read, 0.0 seconds
Stalls(count): 0 level0_slowdown, 0 level0_slowdown_with_compaction, 0 level0_numfiles, 0 level0_numfiles_with_compaction, 0 stop for pending_compaction_bytes, 0 slowdown for pending_compaction_bytes, 0 memtable_compaction, 0 memtable_slowdown, interval 0 total count

** File Read Latency Histogram By Level [default] **

** Compaction Stats [default] **
Level    Files   Size     Score Read(GB)  Rn(GB) Rnp1(GB) Write(GB) Wnew(GB) Moved(GB) W-Amp Rd(MB/s) Wr(MB/s) Comp(sec) CompMergeCPU(sec) Comp(cnt) Avg(sec) KeyIn KeyDrop
----------------------------------------------------------------------------------------------------------------------------------------------------------------------------
 Sum      0/0    0.00 KB   0.0      0.0     0.0      0.0       0.0      0.0       0.0   0.0      0.0      0.0      0.00              0.00         0    0.000       0      0
 Int      0/0    0.00 KB   0.0      0.0     0.0      0.0       0.0      0.0       0.0   0.0      0.0      0.0      0.00              0.00         0    0.000       0      0

** Compaction Stats [default] **
Priority    Files   Size     Score Read(GB)  Rn(GB) Rnp1(GB) Write(GB) Wnew(GB) Moved(GB) W-Amp Rd(MB/s) Wr(MB/s) Comp(sec) CompMergeCPU(sec) Comp(cnt) Avg(sec) KeyIn KeyDrop
-------------------------------------------------------------------------------------------------------------------------------------------------------------------------------
Uptime(secs): 0.0 total, 0.0 interval
Flush(GB): cumulative 0.000, interval 0.000
AddFile(GB): cumulative 0.000, interval 0.000
AddFile(Total Files): cumulative 0, interval 0
AddFile(L0 Files): cumulative 0, interval 0
AddFile(Keys): cumulative 0, interval 0
Cumulative compaction: 0.00 GB write, 0.00 MB/s write, 0.00 GB read, 0.00 MB/s read, 0.0 seconds
Interval compaction: 0.00 GB write, 0.00 MB/s write, 0.00 GB read, 0.00 MB/s read, 0.0 seconds
Stalls(count): 0 level0_slowdown, 0 level0_slowdown_with_compaction, 0 level0_numfiles, 0 level0_numfiles_with_compaction, 0 stop for pending_compaction_bytes, 0 slowdown for pending_compaction_bytes, 0 memtable_compaction, 0 memtable_slowdown, interval 0 total count

** File Read Latency Histogram By Level [default] **
2021/03/16-23:12:44.981662 204ecde00 [db/column_family.cc:579] --------------- Options for column family [col0]:
2021/03/16-23:12:44.981666 204ecde00               Options.comparator: leveldb.BytewiseComparator
2021/03/16-23:12:44.981667 204ecde00           Options.merge_operator: None
2021/03/16-23:12:44.981668 204ecde00        Options.compaction_filter: None
2021/03/16-23:12:44.981670 204ecde00        Options.compaction_filter_factory: None
2021/03/16-23:12:44.981671 204ecde00         Options.memtable_factory: SkipListFactory
2021/03/16-23:12:44.981672 204ecde00            Options.table_factory: BlockBasedTable
2021/03/16-23:12:44.981695 204ecde00            table_factory options:   flush_block_policy_factory: FlushBlockBySizePolicyFactory (0x7fef3a50b9d0)
  cache_index_and_filter_blocks: 1
  cache_index_and_filter_blocks_with_high_priority: 1
  pin_l0_filter_and_index_blocks_in_cache: 1
  pin_top_level_index_and_filter: 1
  index_type: 0
  data_block_index_type: 0
  index_shortening: 1
  data_block_hash_table_util_ratio: 0.750000
  hash_index_allow_collision: 1
  checksum: 1
  no_block_cache: 0
  block_cache: 0x7fef3a508088
  block_cache_name: LRUCache
  block_cache_options:
    capacity : 43690666
    num_shard_bits : 6
    strict_capacity_limit : 0
    memory_allocator : None
    high_pri_pool_ratio: 0.500
  block_cache_compressed: 0x0
  persistent_cache: 0x0
  block_size: 16384
  block_size_deviation: 10
  block_restart_interval: 16
  index_block_restart_interval: 1
  metadata_block_size: 4096
  partition_filters: 0
  use_delta_encoding: 1
  filter_policy: rocksdb.BuiltinBloomFilter
  whole_key_filtering: 1
  verify_compression: 0
  read_amp_bytes_per_bit: 0
  format_version: 5
  enable_index_compression: 1
  block_align: 0
2021/03/16-23:12:44.981697 204ecde00        Options.write_buffer_size: 262144
2021/03/16-23:12:44.981698 204ecde00  Options.max_write_buffer_number: 6
2021/03/16-23:12:44.981700 204ecde00          Options.compression: Snappy
2021/03/16-23:12:44.981701 204ecde00                  Options.bottommost_compression: Disabled
2021/03/16-23:12:44.981703 204ecde00       Options.prefix_extractor: nullptr
2021/03/16-23:12:44.981704 204ecde00   Options.memtable_insert_with_hint_prefix_extractor: nullptr
2021/03/16-23:12:44.981705 204ecde00             Options.num_levels: 7
2021/03/16-23:12:44.981706 204ecde00        Options.min_write_buffer_number_to_merge: 2
2021/03/16-23:12:44.981708 204ecde00     Options.max_write_buffer_number_to_maintain: 0
2021/03/16-23:12:44.981709 204ecde00     Options.max_write_buffer_size_to_maintain: 0
2021/03/16-23:12:44.981710 204ecde00            Options.bottommost_compression_opts.window_bits: -14
2021/03/16-23:12:44.981712 204ecde00                  Options.bottommost_compression_opts.level: 32767
2021/03/16-23:12:44.981713 204ecde00               Options.bottommost_compression_opts.strategy: 0
2021/03/16-23:12:44.981714 204ecde00         Options.bottommost_compression_opts.max_dict_bytes: 0
2021/03/16-23:12:44.981715 204ecde00         Options.bottommost_compression_opts.zstd_max_train_bytes: 0
2021/03/16-23:12:44.981717 204ecde00         Options.bottommost_compression_opts.parallel_threads: 1
2021/03/16-23:12:44.981718 204ecde00                  Options.bottommost_compression_opts.enabled: false
2021/03/16-23:12:44.981719 204ecde00            Options.compression_opts.window_bits: -14
2021/03/16-23:12:44.981721 204ecde00                  Options.compression_opts.level: 32767
2021/03/16-23:12:44.981722 204ecde00               Options.compression_opts.strategy: 0
2021/03/16-23:12:44.981723 204ecde00         Options.compression_opts.max_dict_bytes: 0
2021/03/16-23:12:44.981725 204ecde00         Options.compression_opts.zstd_max_train_bytes: 0
2021/03/16-23:12:44.981726 204ecde00         Options.compression_opts.parallel_threads: 1
2021/03/16-23:12:44.981727 204ecde00                  Options.compression_opts.enabled: false
2021/03/16-23:12:44.981728 204ecde00      Options.level0_file_num_compaction_trigger: 2
2021/03/16-23:12:44.981729 204ecde00          Options.level0_slowdown_writes_trigger: 20
2021/03/16-23:12:44.981743 204ecde00              Options.level0_stop_writes_trigger: 36
2021/03/16-23:12:44.981744 204ecde00                   Options.target_file_size_base: 67108864
2021/03/16-23:12:44.981746 204ecde00             Options.target_file_size_multiplier: 1
2021/03/16-23:12:44.981747 204ecde00                Options.max_bytes_for_level_base: 1048576
2021/03/16-23:12:44.981748 204ecde00 Options.level_compaction_dynamic_level_bytes: 1
2021/03/16-23:12:44.981750 204ecde00          Options.max_bytes_for_level_multiplier: 10.000000
2021/03/16-23:12:44.981751 204ecde00 Options.max_bytes_for_level_multiplier_addtl[0]: 1
2021/03/16-23:12:44.981753 204ecde00 Options.max_bytes_for_level_multiplier_addtl[1]: 1
2021/03/16-23:12:44.981754 204ecde00 Options.max_bytes_for_level_multiplier_addtl[2]: 1
2021/03/16-23:12:44.981755 204ecde00 Options.max_bytes_for_level_multiplier_addtl[3]: 1
2021/03/16-23:12:44.981757 204ecde00 Options.max_bytes_for_level_multiplier_addtl[4]: 1
2021/03/16-23:12:44.981758 204ecde00 Options.max_bytes_for_level_multiplier_addtl[5]: 1
2021/03/16-23:12:44.981759 204ecde00 Options.max_bytes_for_level_multiplier_addtl[6]: 1
2021/03/16-23:12:44.981760 204ecde00       Options.max_sequential_skip_in_iterations: 8
2021/03/16-23:12:44.981762 204ecde00                    Options.max_compaction_bytes: 1677721600
2021/03/16-23:12:44.981763 204ecde00                        Options.arena_block_size: 32768
2021/03/16-23:12:44.981764 204ecde00   Options.soft_pending_compaction_bytes_limit: 68719476736
2021/03/16-23:12:44.981766 204ecde00   Options.hard_pending_compaction_bytes_limit: 274877906944
2021/03/16-23:12:44.981767 204ecde00       Options.rate_limit_delay_max_milliseconds: 100
2021/03/16-23:12:44.981768 204ecde00                Options.disable_auto_compactions: 0
2021/03/16-23:12:44.981770 204ecde00                        Options.compaction_style: kCompactionStyleLevel
2021/03/16-23:12:44.981771 204ecde00                          Options.compaction_pri: kMinOverlappingRatio
2021/03/16-23:12:44.981772 204ecde00 Options.compaction_options_universal.size_ratio: 1
2021/03/16-23:12:44.981773 204ecde00 Options.compaction_options_universal.min_merge_width: 2
2021/03/16-23:12:44.981775 204ecde00 Options.compaction_options_universal.max_merge_width: 4294967295
2021/03/16-23:12:44.981776 204ecde00 Options.compaction_options_universal.max_size_amplification_percent: 200
2021/03/16-23:12:44.981777 204ecde00 Options.compaction_options_universal.compression_size_percent: -1
2021/03/16-23:12:44.981779 204ecde00 Options.compaction_options_universal.stop_style: kCompactionStopStyleTotalSize
2021/03/16-23:12:44.981780 204ecde00 Options.compaction_options_fifo.max_table_files_size: 1073741824
2021/03/16-23:12:44.981782 204ecde00 Options.compaction_options_fifo.allow_compaction: 0
2021/03/16-23:12:44.981783 204ecde00                   Options.table_properties_collectors: 
2021/03/16-23:12:44.981785 204ecde00                   Options.inplace_update_support: 0
2021/03/16-23:12:44.981786 204ecde00                 Options.inplace_update_num_locks: 10000
2021/03/16-23:12:44.981787 204ecde00               Options.memtable_prefix_bloom_size_ratio: 0.000000
2021/03/16-23:12:44.981789 204ecde00               Options.memtable_whole_key_filtering: 0
2021/03/16-23:12:44.981790 204ecde00   Options.memtable_huge_page_size: 0
2021/03/16-23:12:44.981791 204ecde00                           Options.bloom_locality: 0
2021/03/16-23:12:44.981792 204ecde00                    Options.max_successive_merges: 0
2021/03/16-23:12:44.981794 204ecde00                Options.optimize_filters_for_hits: 0
2021/03/16-23:12:44.981795 204ecde00                Options.paranoid_file_checks: 0
2021/03/16-23:12:44.981796 204ecde00                Options.force_consistency_checks: 0
2021/03/16-23:12:44.981797 204ecde00                Options.report_bg_io_stats: 0
2021/03/16-23:12:44.981799 204ecde00                               Options.ttl: 2592000
2021/03/16-23:12:44.981800 204ecde00          Options.periodic_compaction_seconds: 0
2021/03/16-23:12:44.981830 204ecde00 [db/db_impl/db_impl.cc:2542] Created column family [col0] (ID 1)
2021/03/16-23:12:44.983182 204ecde00 [db/column_family.cc:579] --------------- Options for column family [col1]:
2021/03/16-23:12:44.983185 204ecde00               Options.comparator: leveldb.BytewiseComparator
2021/03/16-23:12:44.983187 204ecde00           Options.merge_operator: None
2021/03/16-23:12:44.983188 204ecde00        Options.compaction_filter: None
2021/03/16-23:12:44.983190 204ecde00        Options.compaction_filter_factory: None
2021/03/16-23:12:44.983191 204ecde00         Options.memtable_factory: SkipListFactory
2021/03/16-23:12:44.983192 204ecde00            Options.table_factory: BlockBasedTable
2021/03/16-23:12:44.983215 204ecde00            table_factory options:   flush_block_policy_factory: FlushBlockBySizePolicyFactory (0x7fef3a50c1a0)
  cache_index_and_filter_blocks: 1
  cache_index_and_filter_blocks_with_high_priority: 1
  pin_l0_filter_and_index_blocks_in_cache: 1
  pin_top_level_index_and_filter: 1
  index_type: 0
  data_block_index_type: 0
  index_shortening: 1
  data_block_hash_table_util_ratio: 0.750000
  hash_index_allow_collision: 1
  checksum: 1
  no_block_cache: 0
  block_cache: 0x7fef3a508088
  block_cache_name: LRUCache
  block_cache_options:
    capacity : 43690666
    num_shard_bits : 6
    strict_capacity_limit : 0
    memory_allocator : None
    high_pri_pool_ratio: 0.500
  block_cache_compressed: 0x0
  persistent_cache: 0x0
  block_size: 16384
  block_size_deviation: 10
  block_restart_interval: 16
  index_block_restart_interval: 1
  metadata_block_size: 4096
  partition_filters: 0
  use_delta_encoding: 1
  filter_policy: rocksdb.BuiltinBloomFilter
  whole_key_filtering: 1
  verify_compression: 0
  read_amp_bytes_per_bit: 0
  format_version: 5
  enable_index_compression: 1
  block_align: 0
2021/03/16-23:12:44.983217 204ecde00        Options.write_buffer_size: 30146560
2021/03/16-23:12:44.983218 204ecde00  Options.max_write_buffer_number: 6
2021/03/16-23:12:44.983219 204ecde00          Options.compression: Snappy
2021/03/16-23:12:44.983221 204ecde00                  Options.bottommost_compression: Disabled
2021/03/16-23:12:44.983222 204ecde00       Options.prefix_extractor: nullptr
2021/03/16-23:12:44.983223 204ecde00   Options.memtable_insert_with_hint_prefix_extractor: nullptr
2021/03/16-23:12:44.983225 204ecde00             Options.num_levels: 7
2021/03/16-23:12:44.983226 204ecde00        Options.min_write_buffer_number_to_merge: 2
2021/03/16-23:12:44.983227 204ecde00     Options.max_write_buffer_number_to_maintain: 0
2021/03/16-23:12:44.983229 204ecde00     Options.max_write_buffer_size_to_maintain: 0
2021/03/16-23:12:44.983230 204ecde00            Options.bottommost_compression_opts.window_bits: -14
2021/03/16-23:12:44.983232 204ecde00                  Options.bottommost_compression_opts.level: 32767
2021/03/16-23:12:44.983233 204ecde00               Options.bottommost_compression_opts.strategy: 0
2021/03/16-23:12:44.983234 204ecde00         Options.bottommost_compression_opts.max_dict_bytes: 0
2021/03/16-23:12:44.983236 204ecde00         Options.bottommost_compression_opts.zstd_max_train_bytes: 0
2021/03/16-23:12:44.983237 204ecde00         Options.bottommost_compression_opts.parallel_threads: 1
2021/03/16-23:12:44.983239 204ecde00                  Options.bottommost_compression_opts.enabled: false
2021/03/16-23:12:44.983240 204ecde00            Options.compression_opts.window_bits: -14
2021/03/16-23:12:44.983241 204ecde00                  Options.compression_opts.level: 32767
2021/03/16-23:12:44.983242 204ecde00               Options.compression_opts.strategy: 0
2021/03/16-23:12:44.983244 204ecde00         Options.compression_opts.max_dict_bytes: 0
2021/03/16-23:12:44.983245 204ecde00         Options.compression_opts.zstd_max_train_bytes: 0
2021/03/16-23:12:44.983246 204ecde00         Options.compression_opts.parallel_threads: 1
2021/03/16-23:12:44.983248 204ecde00                  Options.compression_opts.enabled: false
2021/03/16-23:12:44.983249 204ecde00      Options.level0_file_num_compaction_trigger: 2
2021/03/16-23:12:44.983250 204ecde00          Options.level0_slowdown_writes_trigger: 20
2021/03/16-23:12:44.983265 204ecde00              Options.level0_stop_writes_trigger: 36
2021/03/16-23:12:44.983266 204ecde00                   Options.target_file_size_base: 67108864
2021/03/16-23:12:44.983268 204ecde00             Options.target_file_size_multiplier: 1
2021/03/16-23:12:44.983269 204ecde00                Options.max_bytes_for_level_base: 120586240
2021/03/16-23:12:44.983270 204ecde00 Options.level_compaction_dynamic_level_bytes: 1
2021/03/16-23:12:44.983272 204ecde00          Options.max_bytes_for_level_multiplier: 10.000000
2021/03/16-23:12:44.983273 204ecde00 Options.max_bytes_for_level_multiplier_addtl[0]: 1
2021/03/16-23:12:44.983275 204ecde00 Options.max_bytes_for_level_multiplier_addtl[1]: 1
2021/03/16-23:12:44.983276 204ecde00 Options.max_bytes_for_level_multiplier_addtl[2]: 1
2021/03/16-23:12:44.983277 204ecde00 Options.max_bytes_for_level_multiplier_addtl[3]: 1
2021/03/16-23:12:44.983279 204ecde00 Options.max_bytes_for_level_multiplier_addtl[4]: 1
2021/03/16-23:12:44.983280 204ecde00 Options.max_bytes_for_level_multiplier_addtl[5]: 1
2021/03/16-23:12:44.983281 204ecde00 Options.max_bytes_for_level_multiplier_addtl[6]: 1
2021/03/16-23:12:44.983282 204ecde00       Options.max_sequential_skip_in_iterations: 8
2021/03/16-23:12:44.983284 204ecde00                    Options.max_compaction_bytes: 1677721600
2021/03/16-23:12:44.983285 204ecde00                        Options.arena_block_size: 3768320
2021/03/16-23:12:44.983286 204ecde00   Options.soft_pending_compaction_bytes_limit: 68719476736
2021/03/16-23:12:44.983288 204ecde00   Options.hard_pending_compaction_bytes_limit: 274877906944
2021/03/16-23:12:44.983289 204ecde00       Options.rate_limit_delay_max_milliseconds: 100
2021/03/16-23:12:44.983290 204ecde00                Options.disable_auto_compactions: 0
2021/03/16-23:12:44.983292 204ecde00                        Options.compaction_style: kCompactionStyleLevel
2021/03/16-23:12:44.983293 204ecde00                          Options.compaction_pri: kMinOverlappingRatio
2021/03/16-23:12:44.983294 204ecde00 Options.compaction_options_universal.size_ratio: 1
2021/03/16-23:12:44.983295 204ecde00 Options.compaction_options_universal.min_merge_width: 2
2021/03/16-23:12:44.983297 204ecde00 Options.compaction_options_universal.max_merge_width: 4294967295
2021/03/16-23:12:44.983298 204ecde00 Options.compaction_options_universal.max_size_amplification_percent: 200
2021/03/16-23:12:44.983299 204ecde00 Options.compaction_options_universal.compression_size_percent: -1
2021/03/16-23:12:44.983301 204ecde00 Options.compaction_options_universal.stop_style: kCompactionStopStyleTotalSize
2021/03/16-23:12:44.983302 204ecde00 Options.compaction_options_fifo.max_table_files_size: 1073741824
2021/03/16-23:12:44.983304 204ecde00 Options.compaction_options_fifo.allow_compaction: 0
2021/03/16-23:12:44.983305 204ecde00                   Options.table_properties_collectors: 
2021/03/16-23:12:44.983307 204ecde00                   Options.inplace_update_support: 0
2021/03/16-23:12:44.983308 204ecde00                 Options.inplace_update_num_locks: 10000
2021/03/16-23:12:44.983309 204ecde00               Options.memtable_prefix_bloom_size_ratio: 0.000000
2021/03/16-23:12:44.983310 204ecde00               Options.memtable_whole_key_filtering: 0
2021/03/16-23:12:44.983312 204ecde00   Options.memtable_huge_page_size: 0
2021/03/16-23:12:44.983313 204ecde00                           Options.bloom_locality: 0
2021/03/16-23:12:44.983314 204ecde00                    Options.max_successive_merges: 0
2021/03/16-23:12:44.983315 204ecde00                Options.optimize_filters_for_hits: 0
2021/03/16-23:12:44.983317 204ecde00                Options.paranoid_file_checks: 0
2021/03/16-23:12:44.983318 204ecde00                Options.force_consistency_checks: 0
2021/03/16-23:12:44.983319 204ecde00                Options.report_bg_io_stats: 0
2021/03/16-23:12:44.983320 204ecde00                               Options.ttl: 2592000
2021/03/16-23:12:44.983322 204ecde00          Options.periodic_compaction_seconds: 0
2021/03/16-23:12:44.983352 204ecde00 [db/db_impl/db_impl.cc:2542] Created column family [col1] (ID 2)
2021/03/16-23:12:44.985313 204ecde00 [db/column_family.cc:579] --------------- Options for column family [col2]:
2021/03/16-23:12:44.985316 204ecde00               Options.comparator: leveldb.BytewiseComparator
2021/03/16-23:12:44.985318 204ecde00           Options.merge_operator: None
2021/03/16-23:12:44.985319 204ecde00        Options.compaction_filter: None
2021/03/16-23:12:44.985320 204ecde00        Options.compaction_filter_factory: None
2021/03/16-23:12:44.985322 204ecde00         Options.memtable_factory: SkipListFactory
2021/03/16-23:12:44.985323 204ecde00            Options.table_factory: BlockBasedTable
2021/03/16-23:12:44.985348 204ecde00            table_factory options:   flush_block_policy_factory: FlushBlockBySizePolicyFactory (0x7fef3a510aa0)
  cache_index_and_filter_blocks: 1
  cache_index_and_filter_blocks_with_high_priority: 1
  pin_l0_filter_and_index_blocks_in_cache: 1
  pin_top_level_index_and_filter: 1
  index_type: 0
  data_block_index_type: 0
  index_shortening: 1
  data_block_hash_table_util_ratio: 0.750000
  hash_index_allow_collision: 1
